"Delivery"
1
1
0
0
0
0
3
3
2
0
1
0
0
0
2
0
5
2
2
3
0
0
1
0
1
3
0
2
0
0
0
2
3
2
0
1
0
2
0
0
0
0
2
0
1
1
3
1
2
1
3
2
2
5
0
2
2
3
3
2
1
5
1
0
4
3
5
3
2
4
2
0
2
2
1
1
0
0
0
5
2
1
0
4
2
5
1
0
0
1
2
3
0
1
2
4
0
0
0
2
0
0
2
1
3
0
0
5
3
0
6
2
1
1
0
3
0
4
6
3
1
2
1
1
0
3
2
0
3
1
4
0
0
3
1
2
4
3
0
2
3
1
1
4
2
3
5
1
6
2
1
2
4
1
0
7
1
1
0
1
0
4
2
3
2
0
0
0
0
1
2
0
3
1
4
0
1
0
2
0
0
2
3
1
9
3
2
2
3
0
4
2
0
1
0
5
2
5
4
1
3
0
9
1
1
0
0
1
2
1
5
1
0
2
0
2
0
2
7
2
2
2
4
3
3
0
5
3
1
1
1
0
6
1
3
2
2
1
1
5
7
9
0
2
4
1
1
12
1
2
4
1
0
3
3
1
2
2
2
1
1
3
3
16
4
1
2
1
9
0
2
2
1
2
2
3
7
0
0
3
4
10
0
3
2
0
2
6
1
1
0
3
3
3
1
3
3
0
0
10
1
1
8
0
1
4
3
0
2
13
0
5
0
1
0
0
3
0
4
5
2
6
5
2
4
4
4
6
0
0
1
6
1
8
5
1
5
2
4
0
0
2
2
6
5
0
0
8
2
3
4
2
2
3
3
7
3
0
2
0
1
2
3
1
1
1
0
4
1
0
0
2
4
1
0
1
4
4
0
1
1
3
2
1
2
0
1
5
0
4
1
5
1
3
3
4
4
2
0
5
2
1
1
4
5
1
1
0
1
4
0
0
4
7
2
0
2
2
0
1
1
2
1
2
1
1
2
0
7
0
2
5
1
2
2
2
2
0
1
1
4
0
2
1
0
2
0
4
0
3
2
6
6
1
0
0
5
0
3
0
5
1
0
0
0
0
3
3
2
0
0
1
6
6
0
2
5
3
0
3
0
1
0
0
0
1
1
0
1
4
0
4
1
3
1
0
3
1
5
2
3
7
0
1
1
2
6
5
2
0
0
0
0
0
1
10
0
3
2
0
2
2
1
1
1
0
0
0
0
5
7
2
2
1
3
0
3
1
1
1
2
4
4
4
0
1
1
0
0
3
2
4
4
6
3
4
5
5
4
2
2
8
6
9
2
6
0
0
0
0
5
7
0
4
1
3
6
3
2
9
1
0
1
1
0
1
2
8
4
5
4
2
10
5
5
1
1
3
0
2
9
2
0
1
1
0
4
1
7
9
1
5
3
2
0
1
3
5
7
4
0
0
1
3
8
3
0
5
6
2
4
2
1
2
4
5
9
1
0
1
1
1
2
2
5
0
4
8
5
3
4
2
1
0
0
7
7
2
2
3
4
2
10
2
8
0
3
3
3
5
10
4
2
7
6
2
6
0
4
0
0
4
0
3
2
3
3
0
2
1
1
4
1
7
4
6
3
4
3
5
1
0
5
35
4
2
0
18
4
10
17
11
1
11
0
0
2
17
2
2
1
6
0
2
31
9
2
5
6
2
2
4
3
5
10
4
1
7
14
2
3
1
6
3
10
1
6
3
0
2
6
2
4
51
10
6
0
8
0
14
2
0
13
3
5
5
3
14
0
5
0
14
0
8
1
1
10
12
9
0
8
5
16
5
1
5
7
9
4
9
5
3
6
6
5
10
7
2
6
1
2
0
0
58
6
8
6
3
0
2
4
9
6
7
6
9
8
9
9
6
5
10
0
4
11
0
4
7
9
1
4
10
0
6
1
12
9
13
2
2
4
2
8
9
7
0
7
5
3
0
0
20
4
24
23
1
1
2
6
11
3
1
8
11
7
15
2
4
41
5
12
0
2
21
4
3
2
14
4
1
7
0
2
2
23
10
63
5
2
1
3
10
7
4
0
7
1
6
1
6
5
13
7
0
7
6
8
8
0
0
20
8
4
1
6
5
1
15
14
6
8
4
6
3
30
0
0
10
11
19
14
1
18
1
23
22
4
19
7
2
5
11
9
24
5
3
1
3
0
4
4
1
12
6
9
0
8
2
2
9
11
8
0
8
1
7
0
10
10
13
11
0
5
0
1
8
9
10
8
11
5
10
0
1
8
10
18
2
4
6
1
2
3
13
3
9
1
9
14
3
19
15
0
9
3
0
4
6
15
17
4
4
13
7
6
20
29
2
8
13
2
2
3
9
30
5
5
5
0
3
3
2
9
4
4
4
0
6
5
11
1
20
13
0
4
22
7
1
20
2
5
6
3
3
17
3
6
7
2
3
13
3
6
9
1
13
1
8
6
12
15
1
6
3
20
8
6
0
7
0
10
4
10
7
9
6
7
2
6
8
2
2
3
3
3
13
10
1
2
13
12
3
0
3
2
5
9
5
3
11
9
4
9
1
13
5
0
0
10
13
13
3
1
4
5
7
10
8
3
10
11
4
11
11
12
0
8
0
11
3
9
0
11
10
4
3
7
8
13
1
6
12
9
6
3
10
0
3
8
3
18
2
1
14
12
6
9
0
3
4
1
4
0
5
9
8
8
10
4
9
4
14
11
9
6
12
2
7
6
8
11
6
7
5
6
11
0
6
0
2
25
0
14
1
2
46
6
1
1
6
4
0
8
2
4
1
6
12
9
4
2
7
6
4
16
1
0
10
7
6
0
15
0
3
10
2
4
1
13
7
0
0
0
9
7
33
2
5
1
25
0
12
0
0
9
38
4
0
12
2
1
11
0
3
4
14
12
2
8
11
8
7
3
2
17
8
12
3
7
3
4
9
5
0
11
7
0
4
8
1
9
3
1
12
7
0
3
13
0
9
67
1
4
4
1
6
6
27
21
11
1
17
0
3
49
26
0
13
2
2
19
15
7
49
3
0
6
8
0
47
3
0
0
5
8
10
5
10
1
5
28
9
4
17
13
2
14
1
0
40
14
2
3
5
14
10
19
26
0
15
1
8
1
0
8
12
0
3
8
7
1
6
4
58
18
0
5
0
19
3
7
0
4
23
17
2
0
6
16
5
5
2
13
10
4
5
10
21
5
0
0
9
6
11
10
9
7
0
8
10
6
0
1
3
6
4
11
5
1
10
7
14
11
11
0
18
8
2
8
0
0
4
9
14
13
11
7
10
3
7
4
25
16
8
1
4
22
2
3
11
9
7
1
5
12
7
24
3
9
9
2
7
2
0
0
5
3
9
3
9
12
6
1
7
10
4
17
18
0
9
1
10
0
6
0
5
0
17
11
8
0
15
21
6
10
16
5
0
6
1
14
2
8
50
2
5
55
4
6
22
12
2
10
2
0
2
3
4
5
5
4
2
0
0
21
18
17
10
9
1
1
6
4
0
3
4
15
1
3
23
7
1
8
13
8
9
3
2
10
20
14
7
3
18
17
15
21
5
1
15
1
9
8
1
12
8
17
0
0
4
6
17
14
7
11
10
21
12
16
1
9
7
6
11
66
2
15
17
5
2
2
8
3
3
3
10
18
0
10
2
2
7
7
3
6
0
6
2
2
28
13
18
0
15
0
10
0
20
7
2
0
11
4
13
8
8
22
7
29
20
5
0
9
5
33
11
6
17
5
1
5
0
9
11
12
14
5
2
3
10
0
7
34
46
32
8
16
5
11
0
6
10
10
13
6
8
2
10
0
7
7
11
9
8
4
18
8
10
4
8
8
0
4
9
4
0
8
12
2
4
7
1
11
7
11
7
0
11
8
1
7
7
5
9
9
6
9
9
4
9
15
8
10
8
9
0
1
2
3
4
3
10
5
9
11
0
47
3
3
46
22
3
0
23
3
1
3
3
3
12
12
5
9
3
0
1
6
14
1
15
16
17
1
10
1
15
8
0
11
4
2
14
8
0
3
6
8
1
5
14
6
0
2
3
11
2
9
7
9
4
23
4
3
3
11
1
2
9
60
0
9
5
2
5
1
15
5
12
7
10
8
10
63
1
2
0
12
11
3
3
15
7
18
20
53
9
2
0
1
10
2
3
7
8
15
10
26
50
0
59
0
14
5
56
13
8
1
7
78
2
16
2
12
0
9
7
7
0
37
10
0
6
28
17
7
14
0
2
1
11
16
18
8
8
11
1
13
6
14
0
15
12
0
23
6
14
19
20
18
8
2
0
8
61
1
7
2
19
38
16
16
14
16
1
0
31
3
1
0
11
4
2
22
19
5
12
7
4
7
3
8
2
6
4
5
10
40
17
2
1
11
0
1
4
13
4
19
0
7
18
11
21
10
11
6
60
12
10
5
4
4
0
10
17
0
8
5
19
21
9
2
3
0
4
8
0
10
1
35
4
2
1
7
20
0
6
29
69
18
32
4
4
1
11
18
8
5
9
2
8
8
3
13
2
11
4
11
5
13
7
16
17
3
19
2
1
15
4
4
15
0
1
2
8
7
1
7
8
5
9
12
3
5
5
17
5
0
37
14
2
9
3
3
5
14
10
7
17
8
7
5
5
16
11
0
0
7
2
17
2
24
26
5
15
15
1
0
7
1
14
0
10
10
50
3
7
14
15
0
7
0
10
0
2
4
4
2
52
0
16
29
6
3
11
2
4
4
0
5
4
0
9
58
20
9
37
5
29
1
10
9
6
6
4
0
15
4
8
7
7
7
2
12
12
0
10
2
8
16
12
4
10
11
12
3
4
3
15
8
2
24
3
6
0
4
1
8
19
13
0
1
5
12
12
0
2
14
4
0
12
2
59
10
13
2
7
2
21
8
2
4
4
12
2
13
10
7
13
0
15
18
0
4
15
11
2
5
7
21
16
15
5
10
8
4
0
11
14
19
12
10
15
1
10
16
7
6
5
0
0
2
22
19
26
0
7
5
4
10
2
21
16
12
25
22
0
17
14
2
2
1
22
18
17
6
17
15
12
6
28
12
9
15
20
3
13
12
0
4
16
2
27
1
3
14
4
3
3
0
12
16
13
4
5
12
11
14
0
5
18
5
10
8
1
3
13
0
11
0
7
0
0
12
0
70
15
27
29
2
5
0
1
1
3
6
9
1
3
9
10
18
6
3
10
7
3
6
4
1
5
19
11
1
21
0
1
49
11
49
18
7
2
8
6
61
1
6
6
4
8
11
9
2
8
45
6
2
0
4
4
10
2
7
0
5
1
28
0
2
4
15
0
17
0
1
4
4
3
16
4
14
1
21
13
41
52
8
0
2
5
9
19
15
3
21
10
9
5
0
3
4
0
14
5
39
0
3
1
11
7
0
2
8
1
5
10
6
5
0
7
0
8
3
14
0
10
16
10
4
1
3
7
1
5
0
2
9
4
27
4
1
0
6
0
9
4
7
2
18
0
0
4
4
25
0
5
9
9
17
8
7
4
0
12
14
4
4
1
4
6
24
1
4
7
9
11
20
5
5
4
2
5
15
6
0
10
3
8
26
1
11
5
24
17
16
9
11
11
17
12
0
15
16
9
2
1
4
0
8
12
1
6
2
3
16
4
13
0
10
0
11
7
8
5
6
26
19
7
7
7
0
1
0
7
0
7
5
7
12
1
2
3
1
3
6
20
2
5
2
7
0
5
12
12
1
3
24
3
2
18
1
5
0
0
50
11
14
5
4
0
31
5
21
5
2
0
0
37
1
21
3
10
6
11
0
6
4
2
9
0
1
4
5
5
3
5
3
8
10
0
13
12
2
11
8
0
32
5
7
3
10
1
11
12
32
1
28
0
2
53
5
34
5
5
38
4
1
1
9
0
0
22
2
7
9
5
0
3
53
14
1
6
5
15
19
0
0
7
13
5
4
0
11
8
7
0
1
3
2
8
19
2
4
12
10
0
0
8
7
12
7
5
6
0
6
4
8
28
15
13
7
19
0
12
19
0
6
11
9
9
